310.0,824.0,0
309.21313,823.21313,0
308.22394,821.22394,0
306.2338,819.2338,0
304.2347,815.4694,0
302.24088,808.9635,0
298.45026,801.9005,0
293.62823,792.83765,0
285.435,780.435,0
282.47574,776.4757,0
278.42868,773.4287,0
272.64142,770.4276,0
266.66794,768.22266,0
260.66846,768.0,0
255.67986,768.0,0
250.43573,769.7821,0
242.85577,774.35815,0
234.85976,780.14026,0
226.64775,788.13635,0
218.86972,796.1303,0
209.84857,805.9393,0
203.63342,815.9443,0
195.88461,827.6731,0
188.8513,840.723,0
178.63805,864.7239,0
174.43037,875.7089,0
170.43648,886.69055,0
167.43733,899.46936,0
163.45688,912.6294,0
160.42125,923.73627,0
157.41534,934.1693,0
155.20723,943.1711,0
153.21335,951.1466,0
151.21255,961.9372,0
149.21117,973.733,0
147.22777,983.86115,0
146.0,992.14746,0
144.22092,1001.11633,0
143.21999,1010.12006,0
142.2195,1019.9025,0
142.0,1029.914,0
142.0,1039.8762,0
142.78275,1048.9137,0
143.0,1056.1681,0
143.79297,1063.1719,0
144.0,1070.157,0
144.78844,1077.1537,0
145.78807,1084.1522,0
146.78815,1091.1526,0
148.7857,1099.1428,0
155.57434,1115.1487,0
159.56578,1123.1316,0
163.57526,1130.1505,0
167.58139,1136.3721,0
172.38475,1141.5898,0
176.57555,1146.5756,0
183.34996,1152.35,0
191.16078,1157.5804,0
200.9459,1162.5784,0
212.62877,1165.543,0
224.67288,1166.0,0
254.5085,1158.6392,0
269.4701,1150.0928,0
282.61328,1139.3867,0
295.6766,1126.544,0
308.7302,1110.6931,0
318.17416,1096.4452,0
324.35382,1082.5078,0
329.57782,1068.6887,0
331.79,1054.6799,0
333.77838,1040.5514,0
334.0,1027.486,0
335.0,1002.3134,0
334.22067,990.3241,0
334.0,976.68616,0
334.0,963.4931,0
334.7848,950.2912,0
334.0,924.33105,0
334.0,912.3234,0
333.0,903.07587,0
333.0,893.1438,0
332.0,883.0773,0
332.0,866.64325,0
332.0,861.4284,0
332.0,857.46173,0
332.0,853.4824,0
331.0,849.4307,0
331.0,846.21356,0
331.0,843.2204,0
330.221,840.221,0
330.0,838.5,0
330.0,837.6089,0
330.0,836.61273,0
330.0,838.0,0
330.0,839.0,0
330.0,840.759,0
330.0,842.77466,0
330.0,845.76086,0
330.0,849.5141,0
331.0,856.85815,0
331.0,866.12494,0
331.0,876.15295,0
332.0,886.7051,0
332.7891,899.52374,0
333.77856,914.45,0
334.0,929.4886,0
334.784,944.488,0
335.76297,958.3407,0
336.78156,972.4709,0
337.7844,985.70636,0
338.76572,998.59424,0
339.0,1011.4067,0
339.78076,1025.4653,0
340.0,1038.528,0
340.77206,1050.8604,0
341.0,1061.9398,0
341.7562,1070.0248,0
342.77643,1077.3293,0
343.77673,1085.1069,0
345.76724,1094.069,0
346.76456,1100.2937,0
348.7717,1107.3151,0
350.0,1111.5491,0
351.75977,1117.5195,0
353.77646,1122.553,0
355.76443,1126.5289,0
361.54898,1134.549,0
365.56747,1138.5675,0
368.76718,1141.7672,0
372.52118,1144.7606,0
376.51447,1147.5144,0
380.55643,1149.7782,0
383.78723,1151.7872,0
387.56232,1153.7811,0
391.52045,1155.7603,0
395.5562,1157.7781,0
398.76245,1159.0,0
402.52786,1160.7639,0
406.5596,1162.0,0
411.3319,1163.0,0
416.5503,1164.0,0
425.51083,1165.7554,0
431.0409,1166.0,0
435.5415,1166.0,0
441.29703,1164.2344,0
447.2468,1163.2511,0
457.23083,1159.2563,0
464.76013,1156.496,0
472.11288,1152.4436,0
488.04034,1142.7197,0
495.10684,1136.8932,0
502.05106,1130.949,0
509.10254,1123.8975,0
524.30585,1104.1569,0
529.3113,1095.148,0
533.5605,1085.0989,0
539.73773,1066.3114,0
541.0,1056.9678,0
542.0,1046.9281,0
541.23645,1028.9459,0
540.2314,1019.9255,0
539.2183,1010.8734,0
539.0,1002.0916,0
538.0,993.084,0
537.23267,983.9306,0
536.22845,974.1423,0
535.0,965.157,0
533.23566,955.17834,0
532.0,946.10913,0
530.0,926.12897,0
528.2211,916.1057,0
527.2441,907.2203,0
525.2165,899.86584,0
524.2135,893.64044,0
524.0,888.4355,0
523.0,884.45166,0
522.0,880.4594,0
521.0,876.4422,0
520.0,873.24,0
520.0,870.2155,0
519.0,869.2351,0
517.6203,868.0,0
518.0,866.11127,0
518.0,864.27454,0
518.0,855.7458,0
518.0,849.6719,0
519.0,840.46655,0
519.0,836.43353,0
519.0,833.4772,0
519.76434,830.4713,0
520.0,828.5,0
520.0,827.2235,0
520.0,826.40594,0
520.0,826.0,0
520.0,827.0,0
520.0,828.0,0
520.0,829.0,0
519.0,830.75775,0
519.0,833.5713,0
518.0,837.564,0
517.2263,846.6422,0
517.0,858.6876,0
517.0,873.42725,0
518.76404,909.87634,0
519.7632,926.10547,0
520.7712,941.3982,0
521.7736,953.6417,0
523.78485,965.7091,0
524.77594,975.8798,0
526.0,985.10486,0
527.76294,993.2889,0
528.78076,1002.12317,0
531.7739,1017.09576,0
533.7704,1025.0815,0
536.56256,1033.9064,0
538.78265,1042.1307,0
540.778,1051.112,0
543.7793,1059.1173,0
545.7772,1067.1088,0
549.5592,1074.1184,0
557.22107,1088.9614,0
560.5653,1095.3479,0
564.543,1102.086,0
570.77625,1111.5525,0
574.5401,1115.5402,0
577.53577,1119.5358,0
581.5331,1123.5331,0
586.5612,1127.7806,0
591.5622,1131.5621,0
603.2741,1137.758,0
608.342,1139.7806,0
619.31726,1142.7725,0
624.5365,1143.0,0
629.52905,1144.0,0
634.3125,1145.0,0
644.24695,1146.0,0
649.33545,1146.0,0
655.34076,1146.0,0
663.092,1145.0,0
669.3114,1143.2295,0
681.3102,1137.4598,0
686.3306,1133.4463,0
691.56805,1128.648,0
697.3337,1122.8884,0
704.3389,1114.1018,0
711.3322,1105.113,0
723.30634,1086.1561,0
728.34344,1075.3131,0
733.5737,1065.0657,0
738.564,1054.3079,0
742.5668,1044.083,0
745.77576,1033.1211,0
751.5314,1011.4058,0
752.7561,1001.2195,0
753.76447,990.17773,0
754.7807,979.09644,0
755.0,970.12897,0
753.24316,949.97266,0
753.0,939.10236,0
751.2286,929.14294,0
747.23047,909.1522,0
745.2399,899.19977,0
742.2202,889.10095,0
736.458,868.14496,0
734.2207,858.1034,0
731.21783,849.0893,0
727.44495,839.8899,0
724.44104,831.8821,0
720.6891,824.1485,0
714.54517,808.09033,0
710.44293,800.88586,0
707.44244,793.8849,0
704.2217,786.665,0
700.232,778.464,0
698.2265,774.45306,0
697.2138,771.42755,0
696.0,769.23474,0
693.5,766.5,0
693.0,766.0,0
693.0,766.0,0
693.0,766.0,1

